M_L:
[4573.530899370782, 0, 1395.525623562604;
 0, 4574.414854272122, 1168.432513084255;
 0, 0, 1]
M_R:
[4410.525980083984, 0, 1144.680544779237;
 0, 4409.346891865046, 1056.488940140883;
 0, 0, 1]
D_L:
[-0.02338508240284562, -0.2035123177492366, 0.006214132907129334, 0.01274894321754133, 3.727245793914109]
D_R:
[-0.03669909613681119, 0.3721994867777578, -0.0002801616109288421, 0.0003342547721426403, 0.8025335063396624]
R:
[0.9253690588804088, -0.02376990304755802, 0.3783214196630904;
 0.01033098027649595, 0.9992427398717532, 0.03751289991614309;
 -0.3789266099303573, -0.03080484576656096, 0.9249138801877638]
T:
[-179.3785181045793;
 -2.026763376068612;
 7.184510201027856]
E:
[0.6937715420415824, -7.116635524706527, -2.144093390499739;
 -61.3229703164576, -5.696502694968451, 168.6277353012742;
 0.02234818532041242, -179.2908578739041, -5.962240399007707]
F:
[-6.527378632781257e-09, 6.694422489973483e-08, 2.315020518307691e-05;
 5.771140193888871e-07, 5.359975667848914e-08, -0.008126040242852307;
 -0.0006031701894768091, 0.007305269346408754, 1]
error_L:
0.386418
error_R:
0.132703
error_LR:
0.500511
